480408788
  -OEChem-01172513032D

  0  0  0     0  0  0  0  0  0999 V2000
M  END
> <PUBCHEM_COMPOUND_ID_TYPE>
0

> <PUBCHEM_SUBS_AUTO_STRUCTURE>
Deposited Substance chemical structure was generated via Synonym(s) "CINCHOL" and Synonym Consistency to be CID 222284

> <PUBCHEM_SUBSTANCE_ID>
480408788

> <PUBCHEM_SUBSTANCE_VERSION>
2

> <PUBCHEM_EXT_DATASOURCE_NAME>
4398

> <PUBCHEM_EXT_DATASOURCE_REGID>
64997-52-0

> <PUBCHEM_SUBSTANCE_COMMENT>
BOC Sciences provides a wide range of research chemicals and biochemicals including inhibitors, building blocks, GMP Products, impurities and metabolites, APIs for veterinary, natural compounds, ADCs, stem cell molecule, and chiral compounds. We offer Cholest-5-en-3-ol,24-propyl-, (3b)-(9CI) CAS: 64997-52-0 in bulk.

> <PUBCHEM_SUBSTANCE_SYNONYM>
Cholest-5-en-3-ol,24-propyl-, (3b)-(9CI)
64997-52-0
CINCHOL

> <PUBCHEM_GENERIC_REGISTRY_NAME>
64997-52-0

> <PUBCHEM_XREF_EXT_ID>
64997-52-0

> <PUBCHEM_EXT_DATASOURCE_URL>
https://www.bocsci.com/

> <PUBCHEM_EXT_SUBSTANCE_URL>
https://www.bocsci.com/cholest-5-en-3-ol-24-propyl-3b-9ci-cas-64997-52-0-item-146722.html

> <PUBCHEM_CID_ASSOCIATIONS>
222284  1

$$$$
241115742
  -OEChem-01172513032D

  0  0  0     0  0  0  0  0  0999 V2000
M  END
> <PUBCHEM_SUBSTANCE_ID>
241115742

> <PUBCHEM_SUBSTANCE_VERSION>
1

> <PUBCHEM_EXT_DATASOURCE_NAME>
814

> <PUBCHEM_EXT_DATASOURCE_REGID>
99124846

> <PUBCHEM_SUBSTANCE_SYNONYM>
64997-52-0
BETA-SITOSTEROL

> <PUBCHEM_GENERIC_REGISTRY_NAME>
64997-52-0

> <PUBCHEM_XREF_EXT_ID>
99124846

> <PUBCHEM_EXT_DATASOURCE_URL>
http://chemmol.com/

> <PUBCHEM_EXT_SUBSTANCE_URL>
http://www.chemmol.com/chemmol/99124846.html

$$$$
316903361
  -OEChem-01172513032D

 33 36  0     1  0  0  0  0  0999 V2000
   -2.1917   -0.8417    0.0000 C   0  0  0  0  0  0  0  0  0  0  0  0
   -2.1917   -1.6667    0.0000 C   0  0  3  0  0  0  0  0  0  0  0  0
   -1.4796   -2.0750    0.0000 C   0  0  0  0  0  0  0  0  0  0  0  0
   -1.4796   -0.4250    0.0000 C   0  0  0  0  0  0  0  0  0  0  0  0
   -0.7676   -0.8417    0.0000 C   0  0  3  0  0  0  0  0  0  0  0  0
   -0.7666   -1.6667    0.0000 C   0  0  0  0  0  0  0  0  0  0  0  0
   -0.0555   -2.0760    0.0000 C   0  0  0  0  0  0  0  0  0  0  0  0
    0.6590   -1.6648    0.0000 C   0  0  0  0  0  0  0  0  0  0  0  0
   -0.0576   -0.4260    0.0000 C   0  0  3  0  0  0  0  0  0  0  0  0
    0.6576   -0.8445    0.0000 C   0  0  3  0  0  0  0  0  0  0  0  0
    0.6655    0.8099    0.0000 C   0  0  0  0  0  0  0  0  0  0  0  0
   -0.0568    0.4004    0.0000 C   0  0  0  0  0  0  0  0  0  0  0  0
    1.3807    0.3914    0.0000 C   0  0  3  0  0  0  0  0  0  0  0  0
    1.3726   -0.4334    0.0000 C   0  0  3  0  0  0  0  0  0  0  0  0
    2.1546   -0.6961    0.0000 C   0  0  0  0  0  0  0  0  0  0  0  0
    2.1678    0.6386    0.0000 C   0  0  3  0  0  0  0  0  0  0  0  0
    2.4304    1.4206    0.0000 C   0  0  3  0  0  0  0  0  0  0  0  0
    3.2390    1.5842    0.0000 C   0  0  0  0  0  0  0  0  0  0  0  0
    3.7850    0.9657    0.0000 C   0  0  0  0  0  0  0  0  0  0  0  0
    4.5936    1.1293    0.0000 C   0  0  3  0  0  0  0  0  0  0  0  0
    5.1396    0.5108    0.0000 C   0  0  0  0  0  0  0  0  0  0  0  0
    5.9482    0.6744    0.0000 C   0  0  0  0  0  0  0  0  0  0  0  0
    4.8770   -0.2712    0.0000 C   0  0  0  0  0  0  0  0  0  0  0  0
   -2.9055   -2.0802    0.0000 O   0  0  0  0  0  0  0  0  0  0  0  0
   -0.7750   -0.0167    0.0000 C   0  0  0  0  0  0  0  0  0  0  0  0
    0.6500   -0.0167    0.0000 H   0  0  0  0  0  0  0  0  0  0  0  0
    1.3750    1.2167    0.0000 C   0  0  0  0  0  0  0  0  0  0  0  0
    2.5750   -0.0708    0.0000 C   0  0  0  0  0  0  0  0  0  0  0  0
    4.8562    1.9114    0.0000 C   0  0  0  0  0  0  0  0  0  0  0  0
    1.8844    2.0391    0.0000 C   0  0  0  0  0  0  0  0  0  0  0  0
    1.3667   -1.2583    0.0000 H   0  0  0  0  0  0  0  0  0  0  0  0
   -0.0625   -1.2500    0.0000 H   0  0  0  0  0  0  0  0  0  0  0  0
    4.3103    2.5299    0.0000 C   0  0  0  0  0  0  0  0  0  0  0  0
 14 15  1  0  0  0  0
 15 28  1  0  0  0  0
 13 16  1  0  0  0  0
  6  7  2  0  0  0  0
 16 17  1  0  0  0  0
  7  8  1  0  0  0  0
 17 18  1  0  0  0  0
  8 10  1  0  0  0  0
 18 19  1  0  0  0  0
  9 10  1  0  0  0  0
 19 20  1  0  0  0  0
  3  6  1  0  0  0  0
 20 21  1  0  0  0  0
  4  5  1  0  0  0  0
 21 22  1  0  0  0  0
  5  6  1  0  0  0  0
 21 23  1  0  0  0  0
  2 24  1  1  0  0  0
  9 12  1  0  0  0  0
  5 25  1  1  0  0  0
 10 14  1  0  0  0  0
 10 26  1  1  0  0  0
 11 13  1  0  0  0  0
 13 27  1  1  0  0  0
 11 12  1  0  0  0  0
 16 28  1  1  0  0  0
 13 14  1  0  0  0  0
 20 29  1  1  0  0  0
  1  2  1  0  0  0  0
 17 30  1  6  0  0  0
  1  4  1  0  0  0  0
 14 31  1  6  0  0  0
  2  3  1  0  0  0  0
  9 32  1  6  0  0  0
  5  9  1  0  0  0  0
 29 33  1  0  0  0  0
M  END
> <PUBCHEM_COMPOUND_ID_TYPE>
0

> <PUBCHEM_TOTAL_CHARGE>
0

> <PUBCHEM_SUBSTANCE_ID>
316903361

> <PUBCHEM_SUBSTANCE_VERSION>
5

> <PUBCHEM_EXT_DATASOURCE_NAME>
Hangzhou APIChem Technology

> <PUBCHEM_EXT_DATASOURCE_REGID>
AC-24183

> <PUBCHEM_SUBSTANCE_COMMENT>
beta-Sitosterol

> <PUBCHEM_SUBSTANCE_SYNONYM>
64997-52-0
AC-24183

> <PUBCHEM_GENERIC_REGISTRY_NAME>
64997-52-0

> <PUBCHEM_XREF_EXT_ID>
AC-24183

> <PUBCHEM_EXT_DATASOURCE_URL>
http://www.apichemistry.com

> <PUBCHEM_CID_ASSOCIATIONS>
222284  1

> <PUBCHEM_COORDINATE_TYPE>
1
3

> <PUBCHEM_BONDANNOTATIONS>
10  26  5
13  27  5
14  31  6
16  28  5
17  30  6
2  24  5
20  29  5
5  25  5
9  32  6

$$$$
347901980
  -OEChem-01172513032D

 80 83  0     1  0  0  0  0  0999 V2000
    2.5357   -3.6598    0.0000 O   0  0  0  0  0  0  0  0  0  0  0  0
    7.9288   -0.6074    0.0000 C   0  0  3  0  0  0  0  0  0  0  0  0
    7.9288   -1.6074    0.0000 C   0  0  3  0  0  0  0  0  0  0  0  0
    7.0628   -2.1074    0.0000 C   0  0  3  0  0  0  0  0  0  0  0  0
    6.1968   -1.6074    0.0000 C   0  0  3  0  0  0  0  0  0  0  0  0
    8.8750   -0.3027    0.0000 C   0  0  3  0  0  0  0  0  0  0  0  0
    7.0628   -0.1074    0.0000 C   0  0  0  0  0  0  0  0  0  0  0  0
    5.2868   -2.1143    0.0000 C   0  0  3  0  0  0  0  0  0  0  0  0
    8.8750   -1.9122    0.0000 C   0  0  0  0  0  0  0  0  0  0  0  0
    6.1968   -0.6074    0.0000 C   0  0  0  0  0  0  0  0  0  0  0  0
    9.4586   -1.1074    0.0000 C   0  0  0  0  0  0  0  0  0  0  0  0
    7.0789   -3.1489    0.0000 C   0  0  0  0  0  0  0  0  0  0  0  0
    9.1857    0.6478    0.0000 C   0  0  3  0  0  0  0  0  0  0  0  0
    7.9288    0.3926    0.0000 C   0  0  0  0  0  0  0  0  0  0  0  0
    5.2787   -3.1559    0.0000 C   0  0  0  0  0  0  0  0  0  0  0  0
    4.3599   -1.5502    0.0000 C   0  0  0  0  0  0  0  0  0  0  0  0
    6.1808   -3.6767    0.0000 C   0  0  0  0  0  0  0  0  0  0  0  0
    5.2945   -1.1143    0.0000 C   0  0  0  0  0  0  0  0  0  0  0  0
    4.3433   -3.7056    0.0000 C   0  0  0  0  0  0  0  0  0  0  0  0
   10.1642    0.8540    0.0000 C   0  0  0  0  0  0  0  0  0  0  0  0
    3.4120   -2.0781    0.0000 C   0  0  0  0  0  0  0  0  0  0  0  0
    3.4037   -3.1631    0.0000 C   0  0  3  0  0  0  0  0  0  0  0  0
    8.5179    1.3921    0.0000 C   0  0  0  0  0  0  0  0  0  0  0  0
   10.4749    1.8046    0.0000 C   0  0  0  0  0  0  0  0  0  0  0  0
   11.4534    2.0108    0.0000 C   0  0  3  0  0  0  0  0  0  0  0  0
   11.7640    2.9613    0.0000 C   0  0  0  0  0  0  0  0  0  0  0  0
   12.1212    1.2665    0.0000 C   0  0  0  0  0  0  0  0  0  0  0  0
   12.7425    3.1675    0.0000 C   0  0  0  0  0  0  0  0  0  0  0  0
   11.0962    3.7056    0.0000 C   0  0  0  0  0  0  0  0  0  0  0  0
   13.0997    1.4727    0.0000 C   0  0  0  0  0  0  0  0  0  0  0  0
    8.0188   -2.4527    0.0000 H   0  0  0  0  0  0  0  0  0  0  0  0
    7.8022   -2.5267    0.0000 H   0  0  0  0  0  0  0  0  0  0  0  0
    6.9329   -1.1824    0.0000 H   0  0  0  0  0  0  0  0  0  0  0  0
    9.7148   -0.1708    0.0000 H   0  0  0  0  0  0  0  0  0  0  0  0
    7.4613    0.3675    0.0000 H   0  0  0  0  0  0  0  0  0  0  0  0
    6.6643    0.3675    0.0000 H   0  0  0  0  0  0  0  0  0  0  0  0
    8.6240   -2.4791    0.0000 H   0  0  0  0  0  0  0  0  0  0  0  0
    9.4124   -2.2214    0.0000 H   0  0  0  0  0  0  0  0  0  0  0  0
    5.9847   -0.0248    0.0000 H   0  0  0  0  0  0  0  0  0  0  0  0
    5.5862   -0.7151    0.0000 H   0  0  0  0  0  0  0  0  0  0  0  0
    9.9195   -1.5222    0.0000 H   0  0  0  0  0  0  0  0  0  0  0  0
    9.9195   -0.6927    0.0000 H   0  0  0  0  0  0  0  0  0  0  0  0
    7.2969   -3.7293    0.0000 H   0  0  0  0  0  0  0  0  0  0  0  0
    7.6880   -3.0334    0.0000 H   0  0  0  0  0  0  0  0  0  0  0  0
    9.3783    1.2371    0.0000 H   0  0  0  0  0  0  0  0  0  0  0  0
    8.5488    0.3926    0.0000 H   0  0  0  0  0  0  0  0  0  0  0  0
    7.9288    1.0126    0.0000 H   0  0  0  0  0  0  0  0  0  0  0  0
    7.3088    0.3926    0.0000 H   0  0  0  0  0  0  0  0  0  0  0  0
    4.7681   -1.0835    0.0000 H   0  0  0  0  0  0  0  0  0  0  0  0
    3.9700   -1.0682    0.0000 H   0  0  0  0  0  0  0  0  0  0  0  0
    6.1832   -4.2967    0.0000 H   0  0  0  0  0  0  0  0  0  0  0  0
    5.9145   -1.1191    0.0000 H   0  0  0  0  0  0  0  0  0  0  0  0
    5.2993   -0.4943    0.0000 H   0  0  0  0  0  0  0  0  0  0  0  0
    4.6745   -1.1095    0.0000 H   0  0  0  0  0  0  0  0  0  0  0  0
    3.9460   -4.1816    0.0000 H   0  0  0  0  0  0  0  0  0  0  0  0
    4.7443   -4.1785    0.0000 H   0  0  0  0  0  0  0  0  0  0  0  0
   10.1848    0.2344    0.0000 H   0  0  0  0  0  0  0  0  0  0  0  0
   10.7780    0.7667    0.0000 H   0  0  0  0  0  0  0  0  0  0  0  0
    3.2075   -1.4929    0.0000 H   0  0  0  0  0  0  0  0  0  0  0  0
    2.8004   -2.1795    0.0000 H   0  0  0  0  0  0  0  0  0  0  0  0
    3.4025   -3.7831    0.0000 H   0  0  0  0  0  0  0  0  0  0  0  0
    8.9793    1.8062    0.0000 H   0  0  0  0  0  0  0  0  0  0  0  0
    8.1038    1.8536    0.0000 H   0  0  0  0  0  0  0  0  0  0  0  0
    8.0564    0.9781    0.0000 H   0  0  0  0  0  0  0  0  0  0  0  0
   10.4543    2.4242    0.0000 H   0  0  0  0  0  0  0  0  0  0  0  0
    9.8611    1.8919    0.0000 H   0  0  0  0  0  0  0  0  0  0  0  0
   11.8674    1.5493    0.0000 H   0  0  0  0  0  0  0  0  0  0  0  0
    2.0000   -3.3477    0.0000 H   0  0  0  0  0  0  0  0  0  0  0  0
   11.9567    3.5506    0.0000 H   0  0  0  0  0  0  0  0  0  0  0  0
   11.5949    0.9388    0.0000 H   0  0  0  0  0  0  0  0  0  0  0  0
   12.3525    0.6912    0.0000 H   0  0  0  0  0  0  0  0  0  0  0  0
   12.8704    2.5608    0.0000 H   0  0  0  0  0  0  0  0  0  0  0  0
   13.3492    3.2954    0.0000 H   0  0  0  0  0  0  0  0  0  0  0  0
   12.6147    3.7742    0.0000 H   0  0  0  0  0  0  0  0  0  0  0  0
   11.5577    4.1197    0.0000 H   0  0  0  0  0  0  0  0  0  0  0  0
   10.6821    4.1671    0.0000 H   0  0  0  0  0  0  0  0  0  0  0  0
   10.6347    3.2915    0.0000 H   0  0  0  0  0  0  0  0  0  0  0  0
   13.2276    0.8660    0.0000 H   0  0  0  0  0  0  0  0  0  0  0  0
   13.7064    1.6006    0.0000 H   0  0  0  0  0  0  0  0  0  0  0  0
   12.9719    2.0794    0.0000 H   0  0  0  0  0  0  0  0  0  0  0  0
 22  1  1  1  0  0  0
  1 68  1  0  0  0  0
  2  3  1  0  0  0  0
  2  6  1  0  0  0  0
  2  7  1  0  0  0  0
  2 14  1  1  0  0  0
  3  4  1  0  0  0  0
  3  9  1  0  0  0  0
  3 31  1  6  0  0  0
  4  5  1  0  0  0  0
  4 12  1  0  0  0  0
  4 32  1  1  0  0  0
  5  8  1  0  0  0  0
  5 10  1  0  0  0  0
  5 33  1  6  0  0  0
  6 11  1  0  0  0  0
  6 13  1  0  0  0  0
  6 34  1  6  0  0  0
  7 10  1  0  0  0  0
  7 35  1  0  0  0  0
  7 36  1  0  0  0  0
  8 15  1  0  0  0  0
  8 16  1  0  0  0  0
  8 18  1  1  0  0  0
  9 11  1  0  0  0  0
  9 37  1  0  0  0  0
  9 38  1  0  0  0  0
 10 39  1  0  0  0  0
 10 40  1  0  0  0  0
 11 41  1  0  0  0  0
 11 42  1  0  0  0  0
 12 17  1  0  0  0  0
 12 43  1  0  0  0  0
 12 44  1  0  0  0  0
 13 20  1  0  0  0  0
 13 23  1  6  0  0  0
 13 45  1  0  0  0  0
 14 46  1  0  0  0  0
 14 47  1  0  0  0  0
 14 48  1  0  0  0  0
 15 17  2  0  0  0  0
 15 19  1  0  0  0  0
 16 21  1  0  0  0  0
 16 49  1  0  0  0  0
 16 50  1  0  0  0  0
 17 51  1  0  0  0  0
 18 52  1  0  0  0  0
 18 53  1  0  0  0  0
 18 54  1  0  0  0  0
 19 22  1  0  0  0  0
 19 55  1  0  0  0  0
 19 56  1  0  0  0  0
 20 24  1  0  0  0  0
 20 57  1  0  0  0  0
 20 58  1  0  0  0  0
 21 22  1  0  0  0  0
 21 59  1  0  0  0  0
 21 60  1  0  0  0  0
 22 61  1  0  0  0  0
 23 62  1  0  0  0  0
 23 63  1  0  0  0  0
 23 64  1  0  0  0  0
 25 24  1  6  0  0  0
 24 65  1  0  0  0  0
 24 66  1  0  0  0  0
 25 26  1  0  0  0  0
 25 27  1  0  0  0  0
 25 67  1  0  0  0  0
 26 28  1  0  0  0  0
 26 29  1  0  0  0  0
 26 69  1  0  0  0  0
 27 30  1  0  0  0  0
 27 70  1  0  0  0  0
 27 71  1  0  0  0  0
 28 72  1  0  0  0  0
 28 73  1  0  0  0  0
 28 74  1  0  0  0  0
 29 75  1  0  0  0  0
 29 76  1  0  0  0  0
 29 77  1  0  0  0  0
 30 78  1  0  0  0  0
 30 79  1  0  0  0  0
 30 80  1  0  0  0  0
M  END
> <PUBCHEM_COMPOUND_ID_TYPE>
0

> <PUBCHEM_TOTAL_CHARGE>
0

> <PUBCHEM_SUBSTANCE_ID>
347901980

> <PUBCHEM_SUBSTANCE_VERSION>
3

> <PUBCHEM_EXT_DATASOURCE_NAME>
718

> <PUBCHEM_EXT_DATASOURCE_REGID>
FT-0773035

> <PUBCHEM_SUBSTANCE_COMMENT>
The CAS of this substance is 64997-52-0, FT-0773035.

> <PUBCHEM_SUBSTANCE_SYNONYM>
64997-52-0
(3S,8S,9S,10R,13R,14S,17R)-17-[(2R,5R)-5-ethyl-6-methylheptan-2-yl]-10,13-dimethyl-2,3,4,7,8,9,11,12,14,15,16,17-dodecahydro-1H-cyclopenta[a]phenanthren-3-ol
FT-0773035

> <PUBCHEM_GENERIC_REGISTRY_NAME>
64997-52-0

> <PUBCHEM_XREF_EXT_ID>
FT-0773035

> <PUBCHEM_EXT_DATASOURCE_URL>
https://www.finetechnology-ind.com/

> <PUBCHEM_EXT_SUBSTANCE_URL>
https://www.finetechnology-ind.com/prod/detail/64997-52-0

> <PUBCHEM_CID_ASSOCIATIONS>
222284  1

> <PUBCHEM_COORDINATE_TYPE>
1
3

> <PUBCHEM_BONDANNOTATIONS>
22  1  5
13  23  6
2  14  5
25  24  6
3  31  6
4  32  5
5  33  6
6  34  6
8  18  5

$$$$
349213645
  -OEChem-01172513032D

 34 37  0     1  0  0  0  0  0999 V2000
   -0.8653   -0.5013    0.0000 O   0  0  0  0  0  0  0  0  0  0  0  0
    3.4759    1.0071    0.0000 C   0  0  3  0  0  0  0  0  0  0  0  0
    4.3477    1.5084    0.0000 C   0  0  3  0  0  0  0  0  0  0  0  0
    2.6012    1.5123    0.0000 C   0  0  3  0  0  0  0  0  0  0  0  0
    4.3490    2.5184    0.0000 C   0  0  3  0  0  0  0  0  0  0  0  0
    1.7358    1.0056    0.0000 C   0  0  3  0  0  0  0  0  0  0  0  0
    5.2187    3.0279    0.0000 C   0  0  3  0  0  0  0  0  0  0  0  0
    2.5967    2.5196    0.0000 C   0  0  0  0  0  0  0  0  0  0  0  0
    3.4748    0.0023    0.0000 C   0  0  0  0  0  0  0  0  0  0  0  0
    3.4743    3.0237    0.0000 C   0  0  0  0  0  0  0  0  0  0  0  0
    6.0915    1.5061    0.0000 C   0  0  0  0  0  0  0  0  0  0  0  0
    1.7371    0.0000    0.0000 C   0  0  0  0  0  0  0  0  0  0  0  0
    6.0928    2.5162    0.0000 C   0  0  0  0  0  0  0  0  0  0  0  0
    2.6037   -0.4989    0.0000 C   0  0  0  0  0  0  0  0  0  0  0  0
    0.8679    1.5135    0.0000 C   0  0  0  0  0  0  0  0  0  0  0  0
    4.3460    3.5184    0.0000 C   0  0  0  0  0  0  0  0  0  0  0  0
    5.2185    4.0279    0.0000 C   0  0  3  0  0  0  0  0  0  0  0  0
    1.7357    2.0056    0.0000 C   0  0  0  0  0  0  0  0  0  0  0  0
    0.8679   -0.4977    0.0000 C   0  0  0  0  0  0  0  0  0  0  0  0
   -0.0000    1.0056    0.0000 C   0  0  0  0  0  0  0  0  0  0  0  0
    0.0000    0.0000    0.0000 C   0  0  3  0  0  0  0  0  0  0  0  0
    6.0845    4.5280    0.0000 C   0  0  0  0  0  0  0  0  0  0  0  0
    4.3524    4.5278    0.0000 C   0  0  0  0  0  0  0  0  0  0  0  0
    6.0843    5.5280    0.0000 C   0  0  0  0  0  0  0  0  0  0  0  0
    6.9503    6.0282    0.0000 C   0  0  3  0  0  0  0  0  0  0  0  0
    7.8164    5.5283    0.0000 C   0  0  0  0  0  0  0  0  0  0  0  0
    6.9501    7.0282    0.0000 C   0  0  0  0  0  0  0  0  0  0  0  0
    8.6823    6.0285    0.0000 C   0  0  0  0  0  0  0  0  0  0  0  0
    7.8165    4.5283    0.0000 C   0  0  0  0  0  0  0  0  0  0  0  0
    6.0840    7.5280    0.0000 C   0  0  0  0  0  0  0  0  0  0  0  0
    6.0838    8.5280    0.0000 C   0  0  0  0  0  0  0  0  0  0  0  0
    3.4769    2.0071    0.0000 H   0  0  0  0  0  0  0  0  0  0  0  0
    4.6050    0.5421    0.0000 H   0  0  0  0  0  0  0  0  0  0  0  0
    2.6042    0.5123    0.0000 H   0  0  0  0  0  0  0  0  0  0  0  0
 21  1  1  1  0  0  0
  2  3  1  0  0  0  0
  2  4  1  0  0  0  0
  2  9  1  0  0  0  0
  2 32  1  1  0  0  0
  3  5  1  0  0  0  0
  3 11  1  0  0  0  0
  3 33  1  6  0  0  0
  4  6  1  0  0  0  0
  4  8  1  0  0  0  0
  4 34  1  6  0  0  0
  5  7  1  0  0  0  0
  5 10  1  0  0  0  0
  5 16  1  1  0  0  0
  6 12  1  0  0  0  0
  6 15  1  0  0  0  0
  6 18  1  1  0  0  0
  7 13  1  1  0  0  0
  7 17  1  0  0  0  0
  8 10  1  0  0  0  0
  9 14  1  0  0  0  0
 11 13  1  0  0  0  0
 12 14  2  0  0  0  0
 12 19  1  0  0  0  0
 15 20  1  0  0  0  0
 17 22  1  0  0  0  0
 17 23  1  6  0  0  0
 19 21  1  0  0  0  0
 20 21  1  0  0  0  0
 22 24  1  0  0  0  0
 24 25  1  0  0  0  0
 25 26  1  0  0  0  0
 25 27  1  0  0  0  0
 26 28  1  0  0  0  0
 26 29  1  0  0  0  0
 27 30  1  0  0  0  0
 30 31  1  0  0  0  0
M  END
> <PUBCHEM_COMPOUND_ID_TYPE>
0

> <PUBCHEM_TOTAL_CHARGE>
0

> <PUBCHEM_SUBSTANCE_ID>
349213645

> <PUBCHEM_SUBSTANCE_VERSION>
1

> <PUBCHEM_EXT_DATASOURCE_NAME>
15494

> <PUBCHEM_EXT_DATASOURCE_REGID>
PBCM0731791

> <PUBCHEM_SUBSTANCE_SYNONYM>
17-(4-isopropyl-1-methyl-heptyl)-10,13-dimethyl-2,3,4,7,8,9,11,12,14,15,16,17-dodecahydro-1H-cyclopenta[a]phenanthren-3-ol
64997-52-0

> <PUBCHEM_GENERIC_REGISTRY_NAME>
64997-52-0

> <PUBCHEM_XREF_EXT_ID>
PBCM0731791

> <PUBCHEM_EXT_DATASOURCE_URL>
http://www.chemieliva.com

> <PUBCHEM_CID_ASSOCIATIONS>
20847796  1

> <PUBCHEM_COORDINATE_TYPE>
1
3

> <PUBCHEM_BONDANNOTATIONS>
21  1  5
17  23  6
2  32  5
3  33  6
4  34  6
5  16  5
6  18  5
7  13  5

$$$$
438586100
  -OEChem-01172513032D

 31 34  0     1  0  0  0  0  0999 V2000
    0.0000    0.0000    0.0000 C   0  0  0  0  0  0  0  0  0  0  0  0
    0.0000    0.0000    0.0000 C   0  0  0  0  0  0  0  0  0  0  0  0
    0.0000    0.0000    0.0000 C   0  0  0  0  0  0  0  0  0  0  0  0
    0.0000    0.0000    0.0000 C   0  0  3  0  0  0  0  0  0  0  0  0
    0.0000    0.0000    0.0000 C   0  0  0  0  0  0  0  0  0  0  0  0
    0.0000    0.0000    0.0000 C   0  0  0  0  0  0  0  0  0  0  0  0
    0.0000    0.0000    0.0000 C   0  0  0  0  0  0  0  0  0  0  0  0
    0.0000    0.0000    0.0000 C   0  0  0  0  0  0  0  0  0  0  0  0
    0.0000    0.0000    0.0000 C   0  0  0  0  0  0  0  0  0  0  0  0
    0.0000    0.0000    0.0000 C   0  0  3  0  0  0  0  0  0  0  0  0
    0.0000    0.0000    0.0000 C   0  0  0  0  0  0  0  0  0  0  0  0
    0.0000    0.0000    0.0000 C   0  0  3  0  0  0  0  0  0  0  0  0
    0.0000    0.0000    0.0000 C   0  0  3  0  0  0  0  0  0  0  0  0
    0.0000    0.0000    0.0000 C   0  0  0  0  0  0  0  0  0  0  0  0
    0.0000    0.0000    0.0000 C   0  0  3  0  0  0  0  0  0  0  0  0
    0.0000    0.0000    0.0000 C   0  0  0  0  0  0  0  0  0  0  0  0
    0.0000    0.0000    0.0000 C   0  0  0  0  0  0  0  0  0  0  0  0
    0.0000    0.0000    0.0000 C   0  0  3  0  0  0  0  0  0  0  0  0
    0.0000    0.0000    0.0000 C   0  0  3  0  0  0  0  0  0  0  0  0
    0.0000    0.0000    0.0000 C   0  0  0  0  0  0  0  0  0  0  0  0
    0.0000    0.0000    0.0000 C   0  0  0  0  0  0  0  0  0  0  0  0
    0.0000    0.0000    0.0000 C   0  0  3  0  0  0  0  0  0  0  0  0
    0.0000    0.0000    0.0000 C   0  0  0  0  0  0  0  0  0  0  0  0
    0.0000    0.0000    0.0000 C   0  0  0  0  0  0  0  0  0  0  0  0
    0.0000    0.0000    0.0000 C   0  0  0  0  0  0  0  0  0  0  0  0
    0.0000    0.0000    0.0000 C   0  0  3  0  0  0  0  0  0  0  0  0
    0.0000    0.0000    0.0000 O   0  0  0  0  0  0  0  0  0  0  0  0
    0.0000    0.0000    0.0000 C   0  0  0  0  0  0  0  0  0  0  0  0
    0.0000    0.0000    0.0000 C   0  0  0  0  0  0  0  0  0  0  0  0
    0.0000    0.0000    0.0000 C   0  0  0  0  0  0  0  0  0  0  0  0
    0.0000    0.0000    0.0000 C   0  0  0  0  0  0  0  0  0  0  0  0
  1  2  1  0  0  0  0
  2  3  1  0  0  0  0
  3  4  1  0  0  0  0
  4  5  1  0  0  0  0
  5  6  1  0  0  0  0
  5  7  1  0  0  0  0
  4  8  1  0  0  0  0
  8  9  1  0  0  0  0
  9 10  1  0  0  0  0
 10 11  1  0  0  0  0
 10 12  1  0  0  0  0
 12 13  1  0  0  0  0
 13 14  1  0  0  0  0
 13 15  1  0  0  0  0
 15 16  1  0  0  0  0
 16 17  1  0  0  0  0
 12 17  1  0  0  0  0
 15 18  1  0  0  0  0
 18 19  1  0  0  0  0
 19 20  1  0  0  0  0
 20 21  1  0  0  0  0
 13 21  1  0  0  0  0
 19 22  1  0  0  0  0
 22 23  1  0  0  0  0
 22 24  1  0  0  0  0
 24 25  1  0  0  0  0
 25 26  1  0  0  0  0
 26 27  1  0  0  0  0
 26 28  1  0  0  0  0
 28 29  1  0  0  0  0
 22 29  1  0  0  0  0
 24 30  2  0  0  0  0
 30 31  1  0  0  0  0
 18 31  1  0  0  0  0
M  END
> <PUBCHEM_COMPOUND_ID_TYPE>
0

> <PUBCHEM_TOTAL_CHARGE>
0

> <PUBCHEM_SUBSTANCE_ID>
438586100

> <PUBCHEM_SUBSTANCE_VERSION>
2

> <PUBCHEM_EXT_DATASOURCE_NAME>
24479

> <PUBCHEM_EXT_DATASOURCE_REGID>
SWOT-59998

> <PUBCHEM_SUBSTANCE_SYNONYM>
64997-52-0
BETA-SITOSTEROL

> <PUBCHEM_GENERIC_REGISTRY_NAME>
64997-52-0

> <PUBCHEM_XREF_EXT_ID>
SWOT-59998

> <PUBCHEM_EXT_DATASOURCE_URL>
http://www.3wpharm.com/

> <PUBCHEM_EXT_SUBSTANCE_URL>
http://www.3wpharm.com/detail/SWOT-59998.html

> <PUBCHEM_CID_ASSOCIATIONS>
14101624  1

$$$$
469413460
  -OEChem-01172513032D

  0  0  0     0  0  0  0  0  0999 V2000
M  END
> <PUBCHEM_COMPOUND_ID_TYPE>
0

> <PUBCHEM_SUBS_AUTO_STRUCTURE>
Deposited Substance chemical structure was generated via Synonym(s) "BETA-SITOSTEROL" and MeSH to be CID 222284

> <PUBCHEM_SUBSTANCE_ID>
469413460

> <PUBCHEM_SUBSTANCE_VERSION>
1

> <PUBCHEM_EXT_DATASOURCE_NAME>
23794

> <PUBCHEM_EXT_DATASOURCE_REGID>
JH416737

> <PUBCHEM_SUBSTANCE_SYNONYM>
64997-52-0
24-propylcholesterol
BETA-SITOSTEROL

> <PUBCHEM_GENERIC_REGISTRY_NAME>
64997-52-0

> <PUBCHEM_XREF_EXT_ID>
JH416737

> <PUBCHEM_EXT_DATASOURCE_URL>
http://www.jhechem.com

> <PUBCHEM_EXT_SUBSTANCE_URL>
http://www.jhechem.com/ProductDetail/416737

> <PUBCHEM_CID_ASSOCIATIONS>
222284  1

$$$$
497868790
  -OEChem-01172513032D

 31 34  0     1  0  0  0  0  0999 V2000
    9.1735    2.8048    0.0000 C   0  0  0  0  0  0  0  0  0  0  0  0
    8.8408    1.2398    0.0000 C   0  0  0  0  0  0  0  0  0  0  0  0
    7.3191    0.7453    0.0000 C   0  0  0  0  0  0  0  0  0  0  0  0
    6.9865   -0.8197    0.0000 C   0  0  3  0  0  0  0  0  0  0  0  0
    5.4648   -1.3141    0.0000 C   0  0  0  0  0  0  0  0  0  0  0  0
    4.2758   -0.2435    0.0000 C   0  0  0  0  0  0  0  0  0  0  0  0
    2.7541   -0.7380    0.0000 C   0  0  3  0  0  0  0  0  0  0  0  0
    2.4214   -2.3030    0.0000 C   0  0  0  0  0  0  0  0  0  0  0  0
    1.5650    0.3327    0.0000 C   0  0  3  0  0  0  0  0  0  0  0  0
    1.7323    1.9239    0.0000 C   0  0  0  0  0  0  0  0  0  0  0  0
    0.2706    2.5747    0.0000 C   0  0  0  0  0  0  0  0  0  0  0  0
   -0.8000    1.3856    0.0000 C   0  0  3  0  0  0  0  0  0  0  0  0
   -2.4000    1.3856    0.0000 C   0  0  3  0  0  0  0  0  0  0  0  0
   -3.2000    2.7713    0.0000 C   0  0  0  0  0  0  0  0  0  0  0  0
   -4.8000    2.7713    0.0000 C   0  0  0  0  0  0  0  0  0  0  0  0
   -5.6000    1.3856    0.0000 C   0  0  0  0  0  0  0  0  0  0  0  0
   -7.2000    1.3856    0.0000 C   0  0  0  0  0  0  0  0  0  0  0  0
   -8.0000    0.0000    0.0000 C   0  0  3  0  0  0  0  0  0  0  0  0
   -9.6000    0.0000    0.0000 O   0  0  0  0  0  0  0  0  0  0  0  0
   -7.2000   -1.3856    0.0000 C   0  0  0  0  0  0  0  0  0  0  0  0
   -5.6000   -1.3856    0.0000 C   0  0  0  0  0  0  0  0  0  0  0  0
   -4.8000    0.0000    0.0000 C   0  0  3  0  0  0  0  0  0  0  0  0
   -4.0000   -1.3856    0.0000 C   0  0  0  0  0  0  0  0  0  0  0  0
   -3.2000    0.0000    0.0000 C   0  0  3  0  0  0  0  0  0  0  0  0
   -2.4000   -1.3856    0.0000 C   0  0  0  0  0  0  0  0  0  0  0  0
   -0.8000   -1.3856    0.0000 C   0  0  0  0  0  0  0  0  0  0  0  0
    0.0000    0.0000    0.0000 C   0  0  3  0  0  0  0  0  0  0  0  0
    0.9405   -1.2944    0.0000 C   0  0  0  0  0  0  0  0  0  0  0  0
    8.1755   -1.8903    0.0000 C   0  0  0  0  0  0  0  0  0  0  0  0
    7.8429   -3.4554    0.0000 C   0  0  0  0  0  0  0  0  0  0  0  0
    9.6972   -1.3959    0.0000 C   0  0  0  0  0  0  0  0  0  0  0  0
  1  2  1  0  0  0  0
  2  3  1  0  0  0  0
  4  3  1  1  0  0  0
  4  5  1  0  0  0  0
  5  6  1  0  0  0  0
  6  7  1  0  0  0  0
  7  8  1  1  0  0  0
  7  9  1  0  0  0  0
  9 10  1  6  0  0  0
 10 11  1  0  0  0  0
 12 11  1  6  0  0  0
 12 13  1  0  0  0  0
 13 14  1  1  0  0  0
 14 15  1  0  0  0  0
 15 16  2  0  0  0  0
 16 17  1  0  0  0  0
 17 18  1  0  0  0  0
 18 19  1  6  0  0  0
 18 20  1  0  0  0  0
 20 21  1  0  0  0  0
 21 22  1  0  0  0  0
 16 22  1  0  0  0  0
 22 23  1  6  0  0  0
 22 24  1  0  0  0  0
 13 24  1  0  0  0  0
 24 25  1  6  0  0  0
 25 26  1  0  0  0  0
 26 27  1  0  0  0  0
  9 27  1  0  0  0  0
 12 27  1  0  0  0  0
 27 28  1  6  0  0  0
  4 29  1  0  0  0  0
 29 30  1  0  0  0  0
 29 31  1  0  0  0  0
M  END
> <PUBCHEM_COMPOUND_ID_TYPE>
0

> <PUBCHEM_TOTAL_CHARGE>
0

> <PUBCHEM_SUBSTANCE_ID>
497868790

> <PUBCHEM_SUBSTANCE_VERSION>
1

> <PUBCHEM_EXT_DATASOURCE_NAME>
26968

> <PUBCHEM_EXT_DATASOURCE_REGID>
TX01FYJL

> <PUBCHEM_SUBSTANCE_SYNONYM>
Beta-Sitosterol
64997-52-0

> <PUBCHEM_GENERIC_REGISTRY_NAME>
64997-52-0

> <PUBCHEM_XREF_EXT_ID>
TX01FYJL

> <PUBCHEM_EXT_DATASOURCE_URL>
https://www.10xchem.com/

> <PUBCHEM_EXT_SUBSTANCE_URL>
https://www.10xchem.com/prod/64997-52-0

> <PUBCHEM_CID_ASSOCIATIONS>
11475885  1

> <PUBCHEM_COORDINATE_TYPE>
1
3

> <PUBCHEM_BONDANNOTATIONS>
12  11  6
13  14  5
18  19  6
22  23  6
24  25  6
27  28  6
4  3  5
7  8  5
9  10  6

$$$$
253652379
  -OEChem-01172513032D

 30 33  0     1  0  0  0  0  0999 V2000
   -4.2878   -2.8263    0.0000 O   0  0  0  0  0  0  0  0  0  0  0  0
   -0.0009   -0.3513    0.0000 C   0  0  3  0  0  0  0  0  0  0  0  0
   -0.0009   -1.1763    0.0000 C   0  0  3  0  0  0  0  0  0  0  0  0
   -1.4299   -1.1763    0.0000 C   0  0  3  0  0  0  0  0  0  0  0  0
   -2.1443   -1.5888    0.0000 C   0  0  3  0  0  0  0  0  0  0  0  0
   -0.7154   -1.5888    0.0000 C   0  0  3  0  0  0  0  0  0  0  0  0
    0.7837   -0.0964    0.0000 C   0  0  3  0  0  0  0  0  0  0  0  0
   -2.1443   -2.4138    0.0000 C   0  0  0  0  0  0  0  0  0  0  0  0
   -0.7154    0.0612    0.0000 C   0  0  0  0  0  0  0  0  0  0  0  0
   -1.4299   -0.3513    0.0000 C   0  0  0  0  0  0  0  0  0  0  0  0
    0.7837   -1.4313    0.0000 C   0  0  0  0  0  0  0  0  0  0  0  0
   -0.7154   -2.4138    0.0000 C   0  0  0  0  0  0  0  0  0  0  0  0
    1.2686   -0.7638    0.0000 C   0  0  0  0  0  0  0  0  0  0  0  0
   -2.8588   -1.1763    0.0000 C   0  0  0  0  0  0  0  0  0  0  0  0
   -1.4299   -2.8263    0.0000 C   0  0  0  0  0  0  0  0  0  0  0  0
    1.0386    0.6882    0.0000 C   0  0  3  0  0  0  0  0  0  0  0  0
    0.0853    0.4692    0.0000 C   0  0  0  0  0  0  0  0  0  0  0  0
   -2.8588   -2.8263    0.0000 C   0  0  0  0  0  0  0  0  0  0  0  0
   -2.1443   -0.7638    0.0000 C   0  0  0  0  0  0  0  0  0  0  0  0
   -3.5733   -2.4138    0.0000 C   0  0  3  0  0  0  0  0  0  0  0  0
   -3.5733   -1.5888    0.0000 C   0  0  0  0  0  0  0  0  0  0  0  0
    1.8456    0.8598    0.0000 C   0  0  0  0  0  0  0  0  0  0  0  0
    0.4553    1.2716    0.0000 C   0  0  0  0  0  0  0  0  0  0  0  0
    2.1005    1.6444    0.0000 C   0  0  0  0  0  0  0  0  0  0  0  0
    2.9075    1.8159    0.0000 C   0  0  3  0  0  0  0  0  0  0  0  0
    3.4909    1.2325    0.0000 C   0  0  0  0  0  0  0  0  0  0  0  0
    3.1210    2.6128    0.0000 C   0  0  0  0  0  0  0  0  0  0  0  0
    4.2878    1.4461    0.0000 C   0  0  0  0  0  0  0  0  0  0  0  0
    3.2773    0.4357    0.0000 C   0  0  0  0  0  0  0  0  0  0  0  0
    3.9179    2.8263    0.0000 C   0  0  0  0  0  0  0  0  0  0  0  0
 20  1  1  1  0  0  0
  2  3  1  0  0  0  0
  2  7  1  0  0  0  0
  2  9  1  0  0  0  0
  2 17  1  1  0  0  0
  3  6  1  0  0  0  0
  3 11  1  1  0  0  0
  4  5  1  0  0  0  0
  4  6  1  0  0  0  0
  4 10  1  1  0  0  0
  5  8  1  0  0  0  0
  5 14  1  0  0  0  0
  5 19  1  1  0  0  0
  6 12  1  6  0  0  0
  7 13  1  1  0  0  0
  7 16  1  0  0  0  0
  8 15  2  0  0  0  0
  8 18  1  0  0  0  0
  9 10  1  0  0  0  0
 11 13  1  0  0  0  0
 12 15  1  0  0  0  0
 14 21  1  0  0  0  0
 16 22  1  0  0  0  0
 16 23  1  6  0  0  0
 18 20  1  0  0  0  0
 20 21  1  0  0  0  0
 22 24  1  0  0  0  0
 24 25  1  0  0  0  0
 25 26  1  0  0  0  0
 25 27  1  1  0  0  0
 26 28  1  0  0  0  0
 26 29  1  0  0  0  0
 27 30  1  0  0  0  0
M  END
> <PUBCHEM_COMPOUND_ID_TYPE>
0

> <PUBCHEM_TOTAL_CHARGE>
0

> <PUBCHEM_SUBSTANCE_ID>
253652379

> <PUBCHEM_SUBSTANCE_VERSION>
2

> <PUBCHEM_EXT_DATASOURCE_NAME>
1227

> <PUBCHEM_EXT_DATASOURCE_REGID>
SC-19725

> <PUBCHEM_SUBSTANCE_SYNONYM>
64997-52-0
B-sitosterol
SC-19725

> <PUBCHEM_GENERIC_REGISTRY_NAME>
64997-52-0

> <PUBCHEM_XREF_EXT_ID>
SC-19725

> <PUBCHEM_EXT_DATASOURCE_URL>
https://www.labseeker.com

> <PUBCHEM_EXT_SUBSTANCE_URL>
http://www.labseeker.com/goods.php?id=606

> <PUBCHEM_CID_ASSOCIATIONS>
222284  1

> <PUBCHEM_COORDINATE_TYPE>
1
3

> <PUBCHEM_BONDANNOTATIONS>
20  1  5
16  23  6
2  17  5
25  27  5
3  11  5
4  10  5
5  19  5
6  12  6
7  13  5

$$$$
342573747
  -OEChem-01172513032D

  0  0  0     0  0  0  0  0  0999 V2000
M  END
> <PUBCHEM_SUBSTANCE_ID>
342573747

> <PUBCHEM_SUBSTANCE_VERSION>
1

> <PUBCHEM_EXT_DATASOURCE_NAME>
15747

> <PUBCHEM_EXT_DATASOURCE_REGID>
WB489121ST

> <PUBCHEM_SUBSTANCE_SYNONYM>
64997-52-0
Cholest-5-en-3-ol,24-propyl-, (3b)-(9CI)

> <PUBCHEM_GENERIC_REGISTRY_NAME>
64997-52-0

> <PUBCHEM_XREF_EXT_ID>
WB489121ST

> <PUBCHEM_EXT_DATASOURCE_URL>
http://www.wubei-biochem.com/

> <PUBCHEM_EXT_SUBSTANCE_URL>
http://wubei-biochem.com/product/557948

$$$$
441078915
  -OEChem-01172513032D

  0  0  0     0  0  0  0  0  0999 V2000
M  END
> <PUBCHEM_COMPOUND_ID_TYPE>
0

> <PUBCHEM_SUBS_AUTO_STRUCTURE>
Deposited Substance is allowed to be autogenerated

> <PUBCHEM_SUBSTANCE_ID>
441078915

> <PUBCHEM_SUBSTANCE_VERSION>
3

> <PUBCHEM_EXT_DATASOURCE_NAME>
24221

> <PUBCHEM_EXT_DATASOURCE_REGID>
PH-4839BD

> <PUBCHEM_SUBSTANCE_SYNONYM>
24-PROPYLCHOLESTEROL
64997-52-0

> <PUBCHEM_GENERIC_REGISTRY_NAME>
64997-52-0

> <PUBCHEM_XREF_EXT_ID>
PH-4839BD

> <PUBCHEM_EXT_DATASOURCE_URL>
http://www.yickvic.com/

$$$$
